(kicad_pcb (version 20171130) (host pcbnew "(5.0.0)")

  (general
    (thickness 1.6)
    (drawings 10)
    (tracks 120)
    (zones 0)
    (modules 17)
    (nets 13)
  )

  (page A4)
  (layers
    (0 F.Cu signal)
    (31 B.Cu signal)
    (32 B.Adhes user)
    (33 F.Adhes user)
    (34 B.Paste user)
    (35 F.Paste user)
    (36 B.SilkS user)
    (37 F.SilkS user)
    (38 B.Mask user)
    (39 F.Mask user)
    (40 Dwgs.User user)
    (41 Cmts.User user)
    (42 Eco1.User user)
    (43 Eco2.User user)
    (44 Edge.Cuts user)
    (45 Margin user)
    (46 B.CrtYd user)
    (47 F.CrtYd user)
    (48 B.Fab user)
    (49 F.Fab user hide)
  )

  (setup
    (last_trace_width 0.25)
    (trace_clearance 0.2)
    (zone_clearance 0.508)
    (zone_45_only no)
    (trace_min 0.2)
    (segment_width 0.2)
    (edge_width 0.15)
    (via_size 0.8)
    (via_drill 0.4)
    (via_min_size 0.4)
    (via_min_drill 0.3)
    (uvia_size 0.3)
    (uvia_drill 0.1)
    (uvias_allowed no)
    (uvia_min_size 0.2)
    (uvia_min_drill 0.1)
    (pcb_text_width 0.3)
    (pcb_text_size 1.5 1.5)
    (mod_edge_width 0.15)
    (mod_text_size 1 1)
    (mod_text_width 0.15)
    (pad_size 1.524 1.524)
    (pad_drill 0.762)
    (pad_to_mask_clearance 0.2)
    (aux_axis_origin 0 0)
    (visible_elements FFFDFF7F)
    (pcbplotparams
      (layerselection 0x010fc_ffffffff)
      (usegerberextensions false)
      (usegerberattributes false)
      (usegerberadvancedattributes false)
      (creategerberjobfile false)
      (excludeedgelayer true)
      (linewidth 0.100000)
      (plotframeref false)
      (viasonmask false)
      (mode 1)
      (useauxorigin false)
      (hpglpennumber 1)
      (hpglpenspeed 20)
      (hpglpendiameter 15.000000)
      (psnegative false)
      (psa4output false)
      (plotreference true)
      (plotvalue true)
      (plotinvisibletext false)
      (padsonsilk false)
      (subtractmaskfromsilk false)
      (outputformat 1)
      (mirror false)
      (drillshape 1)
      (scaleselection 1)
      (outputdirectory ""))
  )

  (net 0 "")
  (net 1 +9V)
  (net 2 GND)
  (net 3 "Net-(C1-Pad1)")
  (net 4 "Net-(D1-Pad1)")
  (net 5 "Net-(D1-Pad2)")
  (net 6 VCC)
  (net 7 "Net-(D2-Pad2)")
  (net 8 "Net-(LS1-Pad1)")
  (net 9 "Net-(R3-Pad2)")
  (net 10 "Net-(R5-Pad2)")
  (net 11 "Net-(R5-Pad1)")
  (net 12 "Net-(R7-Pad1)")

  (net_class Default "This is the default net class."
    (clearance 0.2)
    (trace_width 0.25)
    (via_dia 0.8)
    (via_drill 0.4)
    (uvia_dia 0.3)
    (uvia_drill 0.1)
    (add_net +9V)
    (add_net GND)
    (add_net "Net-(C1-Pad1)")
    (add_net "Net-(D1-Pad1)")
    (add_net "Net-(D1-Pad2)")
    (add_net "Net-(D2-Pad2)")
    (add_net "Net-(LS1-Pad1)")
    (add_net "Net-(R3-Pad2)")
    (add_net "Net-(R5-Pad1)")
    (add_net "Net-(R5-Pad2)")
    (add_net "Net-(R7-Pad1)")
    (add_net VCC)
  )

  (module Connector_PinSocket_2.54mm:PinSocket_2x01_P2.54mm_Vertical (layer F.Cu) (tedit 5A19A420) (tstamp 5BC9F1E5)
    (at 164 122.5 90)
    (descr "Through hole straight socket strip, 2x01, 2.54mm pitch, double cols (from Kicad 4.0.7), script generated")
    (tags "Through hole socket strip THT 2x01 2.54mm double row")
    (path /5BBAAF77)
    (fp_text reference BT1 (at 2.5 0 180) (layer F.SilkS)
      (effects (font (size 1 1) (thickness 0.15)))
    )
    (fp_text value Battery (at -1.27 2.77 90) (layer F.Fab)
      (effects (font (size 1 1) (thickness 0.15)))
    )
    (fp_line (start -3.81 -1.27) (end 0.635 -1.27) (layer F.Fab) (width 0.1))
    (fp_line (start 0.635 -1.27) (end 1.27 -0.635) (layer F.Fab) (width 0.1))
    (fp_line (start 1.27 -0.635) (end 1.27 1.27) (layer F.Fab) (width 0.1))
    (fp_line (start 1.27 1.27) (end -3.81 1.27) (layer F.Fab) (width 0.1))
    (fp_line (start -3.81 1.27) (end -3.81 -1.27) (layer F.Fab) (width 0.1))
    (fp_line (start -3.87 -1.33) (end -1.27 -1.33) (layer F.SilkS) (width 0.12))
    (fp_line (start -3.87 -1.33) (end -3.87 1.33) (layer F.SilkS) (width 0.12))
    (fp_line (start -3.87 1.33) (end 1.33 1.33) (layer F.SilkS) (width 0.12))
    (fp_line (start 1.33 1.27) (end 1.33 1.33) (layer F.SilkS) (width 0.12))
    (fp_line (start -1.27 1.27) (end 1.33 1.27) (layer F.SilkS) (width 0.12))
    (fp_line (start -1.27 -1.33) (end -1.27 1.27) (layer F.SilkS) (width 0.12))
    (fp_line (start 1.33 -1.33) (end 1.33 0) (layer F.SilkS) (width 0.12))
    (fp_line (start 0 -1.33) (end 1.33 -1.33) (layer F.SilkS) (width 0.12))
    (fp_line (start -4.34 -1.8) (end 1.76 -1.8) (layer F.CrtYd) (width 0.05))
    (fp_line (start 1.76 -1.8) (end 1.76 1.75) (layer F.CrtYd) (width 0.05))
    (fp_line (start 1.76 1.75) (end -4.34 1.75) (layer F.CrtYd) (width 0.05))
    (fp_line (start -4.34 1.75) (end -4.34 -1.8) (layer F.CrtYd) (width 0.05))
    (fp_text user %R (at -1.27 0 90) (layer F.Fab)
      (effects (font (size 1 1) (thickness 0.15)))
    )
    (pad 1 thru_hole rect (at 0 0 90) (size 1.7 1.7) (drill 1) (layers *.Cu *.Mask)
      (net 1 +9V))
    (pad 2 thru_hole oval (at -2.54 0 90) (size 1.7 1.7) (drill 1) (layers *.Cu *.Mask)
      (net 2 GND))
    (model ${KISYS3DMOD}/Connector_PinSocket_2.54mm.3dshapes/PinSocket_2x01_P2.54mm_Vertical.wrl
      (at (xyz 0 0 0))
      (scale (xyz 1 1 1))
      (rotate (xyz 0 0 0))
    )
  )

  (module Capacitor_SMD:C_0805_2012Metric_Pad1.15x1.40mm_HandSolder (layer F.Cu) (tedit 5B36C52B) (tstamp 5BCA12FD)
    (at 163.06 92.09 270)
    (descr "Capacitor SMD 0805 (2012 Metric), square (rectangular) end terminal, IPC_7351 nominal with elongated pad for handsoldering. (Body size source: https://docs.google.com/spreadsheets/d/1BsfQQcO9C6DZCsRaXUlFlo91Tg2WpOkGARC1WS5S8t0/edit?usp=sharing), generated with kicad-footprint-generator")
    (tags "capacitor handsolder")
    (path /5BBAA3BB)
    (attr smd)
    (fp_text reference C1 (at -2.59 0.06) (layer F.SilkS)
      (effects (font (size 1 1) (thickness 0.15)))
    )
    (fp_text value 15n (at 0 1.65 270) (layer F.Fab)
      (effects (font (size 1 1) (thickness 0.15)))
    )
    (fp_line (start -1 0.6) (end -1 -0.6) (layer F.Fab) (width 0.1))
    (fp_line (start -1 -0.6) (end 1 -0.6) (layer F.Fab) (width 0.1))
    (fp_line (start 1 -0.6) (end 1 0.6) (layer F.Fab) (width 0.1))
    (fp_line (start 1 0.6) (end -1 0.6) (layer F.Fab) (width 0.1))
    (fp_line (start -0.261252 -0.71) (end 0.261252 -0.71) (layer F.SilkS) (width 0.12))
    (fp_line (start -0.261252 0.71) (end 0.261252 0.71) (layer F.SilkS) (width 0.12))
    (fp_line (start -1.85 0.95) (end -1.85 -0.95) (layer F.CrtYd) (width 0.05))
    (fp_line (start -1.85 -0.95) (end 1.85 -0.95) (layer F.CrtYd) (width 0.05))
    (fp_line (start 1.85 -0.95) (end 1.85 0.95) (layer F.CrtYd) (width 0.05))
    (fp_line (start 1.85 0.95) (end -1.85 0.95) (layer F.CrtYd) (width 0.05))
    (fp_text user %R (at 0 0 270) (layer F.Fab)
      (effects (font (size 0.5 0.5) (thickness 0.08)))
    )
    (pad 1 smd roundrect (at -1.025 0 270) (size 1.15 1.4) (layers F.Cu F.Paste F.Mask) (roundrect_rratio 0.217391)
      (net 3 "Net-(C1-Pad1)"))
    (pad 2 smd roundrect (at 1.025 0 270) (size 1.15 1.4) (layers F.Cu F.Paste F.Mask) (roundrect_rratio 0.217391)
      (net 2 GND))
    (model ${KISYS3DMOD}/Capacitor_SMD.3dshapes/C_0805_2012Metric.wrl
      (at (xyz 0 0 0))
      (scale (xyz 1 1 1))
      (rotate (xyz 0 0 0))
    )
  )

  (module LED_SMD:LED_0805_2012Metric_Pad1.15x1.40mm_HandSolder (layer F.Cu) (tedit 5B4B45C9) (tstamp 5BCA1CFB)
    (at 164.701094 117.085 270)
    (descr "LED SMD 0805 (2012 Metric), square (rectangular) end terminal, IPC_7351 nominal, (Body size source: https://docs.google.com/spreadsheets/d/1BsfQQcO9C6DZCsRaXUlFlo91Tg2WpOkGARC1WS5S8t0/edit?usp=sharing), generated with kicad-footprint-generator")
    (tags "LED handsolder")
    (path /5BBA9EE7)
    (attr smd)
    (fp_text reference D1 (at -2.585 0.201094) (layer F.SilkS)
      (effects (font (size 1 1) (thickness 0.15)))
    )
    (fp_text value LED (at 0 1.65 270) (layer F.Fab)
      (effects (font (size 1 1) (thickness 0.15)))
    )
    (fp_line (start 1 -0.6) (end -0.7 -0.6) (layer F.Fab) (width 0.1))
    (fp_line (start -0.7 -0.6) (end -1 -0.3) (layer F.Fab) (width 0.1))
    (fp_line (start -1 -0.3) (end -1 0.6) (layer F.Fab) (width 0.1))
    (fp_line (start -1 0.6) (end 1 0.6) (layer F.Fab) (width 0.1))
    (fp_line (start 1 0.6) (end 1 -0.6) (layer F.Fab) (width 0.1))
    (fp_line (start 1 -0.96) (end -1.86 -0.96) (layer F.SilkS) (width 0.12))
    (fp_line (start -1.86 -0.96) (end -1.86 0.96) (layer F.SilkS) (width 0.12))
    (fp_line (start -1.86 0.96) (end 1 0.96) (layer F.SilkS) (width 0.12))
    (fp_line (start -1.85 0.95) (end -1.85 -0.95) (layer F.CrtYd) (width 0.05))
    (fp_line (start -1.85 -0.95) (end 1.85 -0.95) (layer F.CrtYd) (width 0.05))
    (fp_line (start 1.85 -0.95) (end 1.85 0.95) (layer F.CrtYd) (width 0.05))
    (fp_line (start 1.85 0.95) (end -1.85 0.95) (layer F.CrtYd) (width 0.05))
    (fp_text user %R (at -0.245 -0.398906 270) (layer F.Fab)
      (effects (font (size 0.5 0.5) (thickness 0.08)))
    )
    (pad 1 smd roundrect (at -1.025 0 270) (size 1.15 1.4) (layers F.Cu F.Paste F.Mask) (roundrect_rratio 0.217391)
      (net 4 "Net-(D1-Pad1)"))
    (pad 2 smd roundrect (at 1.025 0 270) (size 1.15 1.4) (layers F.Cu F.Paste F.Mask) (roundrect_rratio 0.217391)
      (net 5 "Net-(D1-Pad2)"))
    (model ${KISYS3DMOD}/LED_SMD.3dshapes/LED_0805_2012Metric.wrl
      (at (xyz 0 0 0))
      (scale (xyz 1 1 1))
      (rotate (xyz 0 0 0))
    )
  )

  (module Diode_THT:D_A-405_P7.62mm_Horizontal (layer F.Cu) (tedit 5AE50CD5) (tstamp 5BCA1AE1)
    (at 139.7 117)
    (descr "Diode, A-405 series, Axial, Horizontal, pin pitch=7.62mm, , length*diameter=5.2*2.7mm^2, , http://www.diodes.com/_files/packages/A-405.pdf")
    (tags "Diode A-405 series Axial Horizontal pin pitch 7.62mm  length 5.2mm diameter 2.7mm")
    (path /5BBAB011)
    (fp_text reference D2 (at 3.81 -2.47 180) (layer F.SilkS)
      (effects (font (size 1 1) (thickness 0.15)))
    )
    (fp_text value IN4148 (at 3.81 2.47) (layer F.Fab)
      (effects (font (size 1 1) (thickness 0.15)))
    )
    (fp_line (start 1.21 -1.35) (end 1.21 1.35) (layer F.Fab) (width 0.1))
    (fp_line (start 1.21 1.35) (end 6.41 1.35) (layer F.Fab) (width 0.1))
    (fp_line (start 6.41 1.35) (end 6.41 -1.35) (layer F.Fab) (width 0.1))
    (fp_line (start 6.41 -1.35) (end 1.21 -1.35) (layer F.Fab) (width 0.1))
    (fp_line (start 0 0) (end 1.21 0) (layer F.Fab) (width 0.1))
    (fp_line (start 7.62 0) (end 6.41 0) (layer F.Fab) (width 0.1))
    (fp_line (start 1.99 -1.35) (end 1.99 1.35) (layer F.Fab) (width 0.1))
    (fp_line (start 2.09 -1.35) (end 2.09 1.35) (layer F.Fab) (width 0.1))
    (fp_line (start 1.89 -1.35) (end 1.89 1.35) (layer F.Fab) (width 0.1))
    (fp_line (start 1.09 -1.14) (end 1.09 -1.47) (layer F.SilkS) (width 0.12))
    (fp_line (start 1.09 -1.47) (end 6.53 -1.47) (layer F.SilkS) (width 0.12))
    (fp_line (start 6.53 -1.47) (end 6.53 -1.14) (layer F.SilkS) (width 0.12))
    (fp_line (start 1.09 1.14) (end 1.09 1.47) (layer F.SilkS) (width 0.12))
    (fp_line (start 1.09 1.47) (end 6.53 1.47) (layer F.SilkS) (width 0.12))
    (fp_line (start 6.53 1.47) (end 6.53 1.14) (layer F.SilkS) (width 0.12))
    (fp_line (start 1.99 -1.47) (end 1.99 1.47) (layer F.SilkS) (width 0.12))
    (fp_line (start 2.11 -1.47) (end 2.11 1.47) (layer F.SilkS) (width 0.12))
    (fp_line (start 1.87 -1.47) (end 1.87 1.47) (layer F.SilkS) (width 0.12))
    (fp_line (start -1.15 -1.6) (end -1.15 1.6) (layer F.CrtYd) (width 0.05))
    (fp_line (start -1.15 1.6) (end 8.77 1.6) (layer F.CrtYd) (width 0.05))
    (fp_line (start 8.77 1.6) (end 8.77 -1.6) (layer F.CrtYd) (width 0.05))
    (fp_line (start 8.77 -1.6) (end -1.15 -1.6) (layer F.CrtYd) (width 0.05))
    (fp_text user %R (at 4.2 0 180) (layer F.Fab)
      (effects (font (size 1 1) (thickness 0.15)))
    )
    (fp_text user K (at 0 -1.9) (layer F.Fab)
      (effects (font (size 1 1) (thickness 0.15)))
    )
    (fp_text user K (at 0 -1.9) (layer F.SilkS)
      (effects (font (size 1 1) (thickness 0.15)))
    )
    (pad 1 thru_hole rect (at 0 0) (size 1.8 1.8) (drill 0.9) (layers *.Cu *.Mask)
      (net 6 VCC))
    (pad 2 thru_hole oval (at 7.62 0) (size 1.8 1.8) (drill 0.9) (layers *.Cu *.Mask)
      (net 7 "Net-(D2-Pad2)"))
    (model ${KISYS3DMOD}/Diode_THT.3dshapes/D_A-405_P7.62mm_Horizontal.wrl
      (at (xyz 0 0 0))
      (scale (xyz 1 1 1))
      (rotate (xyz 0 0 0))
    )
  )

  (module Connector:Banana_Jack_2Pin (layer F.Cu) (tedit 5A1AB217) (tstamp 5BCA1A0D)
    (at 128.5 122.47 90)
    (descr "Dual banana socket, footprint - 2 x 6mm drills")
    (tags "banana socket")
    (path /5BBA9D85)
    (fp_text reference J1 (at 15.028 0.024 180) (layer F.SilkS)
      (effects (font (size 1 1) (thickness 0.15)))
    )
    (fp_text value "Test Probes" (at 14.985 6.29 90) (layer F.Fab)
      (effects (font (size 1 1) (thickness 0.15)))
    )
    (fp_text user %R (at 10.964 0.024 180) (layer F.Fab)
      (effects (font (size 1 1) (thickness 0.15)))
    )
    (fp_line (start 30 -5.5) (end 0 -5.5) (layer F.CrtYd) (width 0.05))
    (fp_line (start 0 5.5) (end 30 5.5) (layer F.CrtYd) (width 0.05))
    (fp_line (start 0 5.25) (end 30 5.25) (layer F.SilkS) (width 0.12))
    (fp_line (start 30 -5.25) (end 0 -5.25) (layer F.SilkS) (width 0.12))
    (fp_circle (center 30 0) (end 32 0) (layer F.Fab) (width 0.1))
    (fp_circle (center 0 0) (end 2 0) (layer F.Fab) (width 0.1))
    (fp_circle (center 0 0) (end 4.75 0) (layer F.Fab) (width 0.1))
    (fp_circle (center 30 0) (end 34.75 0) (layer F.Fab) (width 0.1))
    (fp_arc (start 0 0) (end 0 5.5) (angle 180) (layer F.CrtYd) (width 0.05))
    (fp_arc (start 30 0) (end 30 -5.5) (angle 180) (layer F.CrtYd) (width 0.05))
    (fp_arc (start 30 0) (end 30 -5.25) (angle 180) (layer F.SilkS) (width 0.12))
    (fp_arc (start 0 0) (end 0 5.25) (angle 180) (layer F.SilkS) (width 0.12))
    (pad 1 thru_hole circle (at 0 0 90) (size 10.16 10.16) (drill 6.1) (layers *.Cu *.Mask)
      (net 2 GND))
    (pad 2 thru_hole circle (at 29.97 0 90) (size 10.16 10.16) (drill 6.1) (layers *.Cu *.Mask)
      (net 4 "Net-(D1-Pad1)"))
    (model ${KISYS3DMOD}/Connector.3dshapes/Banana_Jack_2Pin.wrl
      (offset (xyz 14.98599977493286 0 0))
      (scale (xyz 2 2 2))
      (rotate (xyz 0 0 0))
    )
  )

  (module Buzzer_Beeper:Buzzer_15x7.5RM7.6 (layer F.Cu) (tedit 5A030281) (tstamp 5BC9FD32)
    (at 159.5 102 270)
    (descr "Generic Buzzer, D15mm height 7.5mm with RM7.6mm")
    (tags buzzer)
    (path /5BBAACF8)
    (fp_text reference LS1 (at -5.5 0) (layer F.SilkS)
      (effects (font (size 1 1) (thickness 0.15)))
    )
    (fp_text value KU57M (at 3.81 8.89 270) (layer F.Fab)
      (effects (font (size 1 1) (thickness 0.15)))
    )
    (fp_text user + (at -0.01 -2.54 270) (layer F.Fab)
      (effects (font (size 1 1) (thickness 0.15)))
    )
    (fp_text user + (at -0.01 -2.54 270) (layer F.SilkS)
      (effects (font (size 1 1) (thickness 0.15)))
    )
    (fp_text user %R (at 3.8 -4 270) (layer F.Fab)
      (effects (font (size 1 1) (thickness 0.15)))
    )
    (fp_circle (center 3.8 0) (end 11.55 0) (layer F.CrtYd) (width 0.05))
    (fp_circle (center 3.8 0) (end 11.3 0) (layer F.Fab) (width 0.1))
    (fp_circle (center 3.8 0) (end 4.8 0) (layer F.Fab) (width 0.1))
    (fp_circle (center 3.8 0) (end 11.4 0) (layer F.SilkS) (width 0.12))
    (pad 1 thru_hole rect (at 0 0 270) (size 2 2) (drill 1) (layers *.Cu *.Mask)
      (net 8 "Net-(LS1-Pad1)"))
    (pad 2 thru_hole circle (at 7.6 0 270) (size 2 2) (drill 1) (layers *.Cu *.Mask)
      (net 2 GND))
    (model ${KISYS3DMOD}/Buzzer_Beeper.3dshapes/Buzzer_15x7.5RM7.6.wrl
      (at (xyz 0 0 0))
      (scale (xyz 1 1 1))
      (rotate (xyz 0 0 0))
    )
  )

  (module Resistor_SMD:R_0805_2012Metric (layer F.Cu) (tedit 5B36C52B) (tstamp 5BCA1D2F)
    (at 161.925 117.0155 270)
    (descr "Resistor SMD 0805 (2012 Metric), square (rectangular) end terminal, IPC_7351 nominal, (Body size source: https://docs.google.com/spreadsheets/d/1BsfQQcO9C6DZCsRaXUlFlo91Tg2WpOkGARC1WS5S8t0/edit?usp=sharing), generated with kicad-footprint-generator")
    (tags resistor)
    (path /5BBA9F77)
    (attr smd)
    (fp_text reference R1 (at -2.5155 -0.075) (layer F.SilkS)
      (effects (font (size 1 1) (thickness 0.15)))
    )
    (fp_text value 6K8 (at 0 1.65 270) (layer F.Fab)
      (effects (font (size 1 1) (thickness 0.15)))
    )
    (fp_text user %R (at 0 0 270) (layer F.Fab)
      (effects (font (size 0.5 0.5) (thickness 0.08)))
    )
    (fp_line (start 1.68 0.95) (end -1.68 0.95) (layer F.CrtYd) (width 0.05))
    (fp_line (start 1.68 -0.95) (end 1.68 0.95) (layer F.CrtYd) (width 0.05))
    (fp_line (start -1.68 -0.95) (end 1.68 -0.95) (layer F.CrtYd) (width 0.05))
    (fp_line (start -1.68 0.95) (end -1.68 -0.95) (layer F.CrtYd) (width 0.05))
    (fp_line (start -0.258578 0.71) (end 0.258578 0.71) (layer F.SilkS) (width 0.12))
    (fp_line (start -0.258578 -0.71) (end 0.258578 -0.71) (layer F.SilkS) (width 0.12))
    (fp_line (start 1 0.6) (end -1 0.6) (layer F.Fab) (width 0.1))
    (fp_line (start 1 -0.6) (end 1 0.6) (layer F.Fab) (width 0.1))
    (fp_line (start -1 -0.6) (end 1 -0.6) (layer F.Fab) (width 0.1))
    (fp_line (start -1 0.6) (end -1 -0.6) (layer F.Fab) (width 0.1))
    (pad 2 smd roundrect (at 0.9375 0 270) (size 0.975 1.4) (layers F.Cu F.Paste F.Mask) (roundrect_rratio 0.25)
      (net 5 "Net-(D1-Pad2)"))
    (pad 1 smd roundrect (at -0.9375 0 270) (size 0.975 1.4) (layers F.Cu F.Paste F.Mask) (roundrect_rratio 0.25)
      (net 6 VCC))
    (model ${KISYS3DMOD}/Resistor_SMD.3dshapes/R_0805_2012Metric.wrl
      (at (xyz 0 0 0))
      (scale (xyz 1 1 1))
      (rotate (xyz 0 0 0))
    )
  )

  (module Resistor_SMD:R_0805_2012Metric (layer F.Cu) (tedit 5B36C52B) (tstamp 5BC9F26A)
    (at 142.4075 108.91)
    (descr "Resistor SMD 0805 (2012 Metric), square (rectangular) end terminal, IPC_7351 nominal, (Body size source: https://docs.google.com/spreadsheets/d/1BsfQQcO9C6DZCsRaXUlFlo91Tg2WpOkGARC1WS5S8t0/edit?usp=sharing), generated with kicad-footprint-generator")
    (tags resistor)
    (path /5BBA9E20)
    (attr smd)
    (fp_text reference R2 (at 0 -1.65) (layer F.SilkS)
      (effects (font (size 1 1) (thickness 0.15)))
    )
    (fp_text value 47 (at 0 1.65) (layer F.Fab)
      (effects (font (size 1 1) (thickness 0.15)))
    )
    (fp_line (start -1 0.6) (end -1 -0.6) (layer F.Fab) (width 0.1))
    (fp_line (start -1 -0.6) (end 1 -0.6) (layer F.Fab) (width 0.1))
    (fp_line (start 1 -0.6) (end 1 0.6) (layer F.Fab) (width 0.1))
    (fp_line (start 1 0.6) (end -1 0.6) (layer F.Fab) (width 0.1))
    (fp_line (start -0.258578 -0.71) (end 0.258578 -0.71) (layer F.SilkS) (width 0.12))
    (fp_line (start -0.258578 0.71) (end 0.258578 0.71) (layer F.SilkS) (width 0.12))
    (fp_line (start -1.68 0.95) (end -1.68 -0.95) (layer F.CrtYd) (width 0.05))
    (fp_line (start -1.68 -0.95) (end 1.68 -0.95) (layer F.CrtYd) (width 0.05))
    (fp_line (start 1.68 -0.95) (end 1.68 0.95) (layer F.CrtYd) (width 0.05))
    (fp_line (start 1.68 0.95) (end -1.68 0.95) (layer F.CrtYd) (width 0.05))
    (fp_text user %R (at 0 0) (layer F.Fab)
      (effects (font (size 0.5 0.5) (thickness 0.08)))
    )
    (pad 1 smd roundrect (at -0.9375 0) (size 0.975 1.4) (layers F.Cu F.Paste F.Mask) (roundrect_rratio 0.25)
      (net 4 "Net-(D1-Pad1)"))
    (pad 2 smd roundrect (at 0.9375 0) (size 0.975 1.4) (layers F.Cu F.Paste F.Mask) (roundrect_rratio 0.25)
      (net 2 GND))
    (model ${KISYS3DMOD}/Resistor_SMD.3dshapes/R_0805_2012Metric.wrl
      (at (xyz 0 0 0))
      (scale (xyz 1 1 1))
      (rotate (xyz 0 0 0))
    )
  )

  (module Resistor_SMD:R_0805_2012Metric (layer F.Cu) (tedit 5B36C52B) (tstamp 5BCA0F9C)
    (at 146.677 108.91)
    (descr "Resistor SMD 0805 (2012 Metric), square (rectangular) end terminal, IPC_7351 nominal, (Body size source: https://docs.google.com/spreadsheets/d/1BsfQQcO9C6DZCsRaXUlFlo91Tg2WpOkGARC1WS5S8t0/edit?usp=sharing), generated with kicad-footprint-generator")
    (tags resistor)
    (path /5BBA9FDF)
    (attr smd)
    (fp_text reference R3 (at 0 -1.65) (layer F.SilkS)
      (effects (font (size 1 1) (thickness 0.15)))
    )
    (fp_text value 150K (at 0 1.65) (layer F.Fab)
      (effects (font (size 1 1) (thickness 0.15)))
    )
    (fp_line (start -1 0.6) (end -1 -0.6) (layer F.Fab) (width 0.1))
    (fp_line (start -1 -0.6) (end 1 -0.6) (layer F.Fab) (width 0.1))
    (fp_line (start 1 -0.6) (end 1 0.6) (layer F.Fab) (width 0.1))
    (fp_line (start 1 0.6) (end -1 0.6) (layer F.Fab) (width 0.1))
    (fp_line (start -0.258578 -0.71) (end 0.258578 -0.71) (layer F.SilkS) (width 0.12))
    (fp_line (start -0.258578 0.71) (end 0.258578 0.71) (layer F.SilkS) (width 0.12))
    (fp_line (start -1.68 0.95) (end -1.68 -0.95) (layer F.CrtYd) (width 0.05))
    (fp_line (start -1.68 -0.95) (end 1.68 -0.95) (layer F.CrtYd) (width 0.05))
    (fp_line (start 1.68 -0.95) (end 1.68 0.95) (layer F.CrtYd) (width 0.05))
    (fp_line (start 1.68 0.95) (end -1.68 0.95) (layer F.CrtYd) (width 0.05))
    (fp_text user %R (at 0 0) (layer F.Fab)
      (effects (font (size 0.5 0.5) (thickness 0.08)))
    )
    (pad 1 smd roundrect (at -0.9375 0) (size 0.975 1.4) (layers F.Cu F.Paste F.Mask) (roundrect_rratio 0.25)
      (net 6 VCC))
    (pad 2 smd roundrect (at 0.9375 0) (size 0.975 1.4) (layers F.Cu F.Paste F.Mask) (roundrect_rratio 0.25)
      (net 9 "Net-(R3-Pad2)"))
    (model ${KISYS3DMOD}/Resistor_SMD.3dshapes/R_0805_2012Metric.wrl
      (at (xyz 0 0 0))
      (scale (xyz 1 1 1))
      (rotate (xyz 0 0 0))
    )
  )

  (module Resistor_SMD:R_0805_2012Metric (layer F.Cu) (tedit 5B36C52B) (tstamp 5BC9F28C)
    (at 159.7175 124.46)
    (descr "Resistor SMD 0805 (2012 Metric), square (rectangular) end terminal, IPC_7351 nominal, (Body size source: https://docs.google.com/spreadsheets/d/1BsfQQcO9C6DZCsRaXUlFlo91Tg2WpOkGARC1WS5S8t0/edit?usp=sharing), generated with kicad-footprint-generator")
    (tags resistor)
    (path /5BBA9E84)
    (attr smd)
    (fp_text reference R4 (at 0 -1.65) (layer F.SilkS)
      (effects (font (size 1 1) (thickness 0.15)))
    )
    (fp_text value 270 (at 0 1.65) (layer F.Fab)
      (effects (font (size 1 1) (thickness 0.15)))
    )
    (fp_line (start -1 0.6) (end -1 -0.6) (layer F.Fab) (width 0.1))
    (fp_line (start -1 -0.6) (end 1 -0.6) (layer F.Fab) (width 0.1))
    (fp_line (start 1 -0.6) (end 1 0.6) (layer F.Fab) (width 0.1))
    (fp_line (start 1 0.6) (end -1 0.6) (layer F.Fab) (width 0.1))
    (fp_line (start -0.258578 -0.71) (end 0.258578 -0.71) (layer F.SilkS) (width 0.12))
    (fp_line (start -0.258578 0.71) (end 0.258578 0.71) (layer F.SilkS) (width 0.12))
    (fp_line (start -1.68 0.95) (end -1.68 -0.95) (layer F.CrtYd) (width 0.05))
    (fp_line (start -1.68 -0.95) (end 1.68 -0.95) (layer F.CrtYd) (width 0.05))
    (fp_line (start 1.68 -0.95) (end 1.68 0.95) (layer F.CrtYd) (width 0.05))
    (fp_line (start 1.68 0.95) (end -1.68 0.95) (layer F.CrtYd) (width 0.05))
    (fp_text user %R (at 0 0) (layer F.Fab)
      (effects (font (size 0.5 0.5) (thickness 0.08)))
    )
    (pad 1 smd roundrect (at -0.9375 0) (size 0.975 1.4) (layers F.Cu F.Paste F.Mask) (roundrect_rratio 0.25)
      (net 9 "Net-(R3-Pad2)"))
    (pad 2 smd roundrect (at 0.9375 0) (size 0.975 1.4) (layers F.Cu F.Paste F.Mask) (roundrect_rratio 0.25)
      (net 2 GND))
    (model ${KISYS3DMOD}/Resistor_SMD.3dshapes/R_0805_2012Metric.wrl
      (at (xyz 0 0 0))
      (scale (xyz 1 1 1))
      (rotate (xyz 0 0 0))
    )
  )

  (module Resistor_SMD:R_0805_2012Metric (layer F.Cu) (tedit 5B36C52B) (tstamp 5BCA0BAD)
    (at 138.295 108.91)
    (descr "Resistor SMD 0805 (2012 Metric), square (rectangular) end terminal, IPC_7351 nominal, (Body size source: https://docs.google.com/spreadsheets/d/1BsfQQcO9C6DZCsRaXUlFlo91Tg2WpOkGARC1WS5S8t0/edit?usp=sharing), generated with kicad-footprint-generator")
    (tags resistor)
    (path /5BBAA2DB)
    (attr smd)
    (fp_text reference R5 (at 0 -1.65) (layer F.SilkS)
      (effects (font (size 1 1) (thickness 0.15)))
    )
    (fp_text value 10K (at 0 1.65) (layer F.Fab)
      (effects (font (size 1 1) (thickness 0.15)))
    )
    (fp_text user %R (at 0 0 180) (layer F.Fab)
      (effects (font (size 0.5 0.5) (thickness 0.08)))
    )
    (fp_line (start 1.68 0.95) (end -1.68 0.95) (layer F.CrtYd) (width 0.05))
    (fp_line (start 1.68 -0.95) (end 1.68 0.95) (layer F.CrtYd) (width 0.05))
    (fp_line (start -1.68 -0.95) (end 1.68 -0.95) (layer F.CrtYd) (width 0.05))
    (fp_line (start -1.68 0.95) (end -1.68 -0.95) (layer F.CrtYd) (width 0.05))
    (fp_line (start -0.258578 0.71) (end 0.258578 0.71) (layer F.SilkS) (width 0.12))
    (fp_line (start -0.258578 -0.71) (end 0.258578 -0.71) (layer F.SilkS) (width 0.12))
    (fp_line (start 1 0.6) (end -1 0.6) (layer F.Fab) (width 0.1))
    (fp_line (start 1 -0.6) (end 1 0.6) (layer F.Fab) (width 0.1))
    (fp_line (start -1 -0.6) (end 1 -0.6) (layer F.Fab) (width 0.1))
    (fp_line (start -1 0.6) (end -1 -0.6) (layer F.Fab) (width 0.1))
    (pad 2 smd roundrect (at 0.9375 0) (size 0.975 1.4) (layers F.Cu F.Paste F.Mask) (roundrect_rratio 0.25)
      (net 10 "Net-(R5-Pad2)"))
    (pad 1 smd roundrect (at -0.9375 0) (size 0.975 1.4) (layers F.Cu F.Paste F.Mask) (roundrect_rratio 0.25)
      (net 11 "Net-(R5-Pad1)"))
    (model ${KISYS3DMOD}/Resistor_SMD.3dshapes/R_0805_2012Metric.wrl
      (at (xyz 0 0 0))
      (scale (xyz 1 1 1))
      (rotate (xyz 0 0 0))
    )
  )

  (module Resistor_SMD:R_0805_2012Metric (layer F.Cu) (tedit 5B36C52B) (tstamp 5BCA08EE)
    (at 152.9 92.1775 270)
    (descr "Resistor SMD 0805 (2012 Metric), square (rectangular) end terminal, IPC_7351 nominal, (Body size source: https://docs.google.com/spreadsheets/d/1BsfQQcO9C6DZCsRaXUlFlo91Tg2WpOkGARC1WS5S8t0/edit?usp=sharing), generated with kicad-footprint-generator")
    (tags resistor)
    (path /5BBAA36A)
    (attr smd)
    (fp_text reference R6 (at -2.6775 -0.1) (layer F.SilkS)
      (effects (font (size 1 1) (thickness 0.15)))
    )
    (fp_text value 10K (at 0 1.65 270) (layer F.Fab)
      (effects (font (size 1 1) (thickness 0.15)))
    )
    (fp_line (start -1 0.6) (end -1 -0.6) (layer F.Fab) (width 0.1))
    (fp_line (start -1 -0.6) (end 1 -0.6) (layer F.Fab) (width 0.1))
    (fp_line (start 1 -0.6) (end 1 0.6) (layer F.Fab) (width 0.1))
    (fp_line (start 1 0.6) (end -1 0.6) (layer F.Fab) (width 0.1))
    (fp_line (start -0.258578 -0.71) (end 0.258578 -0.71) (layer F.SilkS) (width 0.12))
    (fp_line (start -0.258578 0.71) (end 0.258578 0.71) (layer F.SilkS) (width 0.12))
    (fp_line (start -1.68 0.95) (end -1.68 -0.95) (layer F.CrtYd) (width 0.05))
    (fp_line (start -1.68 -0.95) (end 1.68 -0.95) (layer F.CrtYd) (width 0.05))
    (fp_line (start 1.68 -0.95) (end 1.68 0.95) (layer F.CrtYd) (width 0.05))
    (fp_line (start 1.68 0.95) (end -1.68 0.95) (layer F.CrtYd) (width 0.05))
    (fp_text user %R (at 0 0 270) (layer F.Fab)
      (effects (font (size 0.5 0.5) (thickness 0.08)))
    )
    (pad 1 smd roundrect (at -0.9375 0 270) (size 0.975 1.4) (layers F.Cu F.Paste F.Mask) (roundrect_rratio 0.25)
      (net 11 "Net-(R5-Pad1)"))
    (pad 2 smd roundrect (at 0.9375 0 270) (size 0.975 1.4) (layers F.Cu F.Paste F.Mask) (roundrect_rratio 0.25)
      (net 2 GND))
    (model ${KISYS3DMOD}/Resistor_SMD.3dshapes/R_0805_2012Metric.wrl
      (at (xyz 0 0 0))
      (scale (xyz 1 1 1))
      (rotate (xyz 0 0 0))
    )
  )

  (module Resistor_SMD:R_0805_2012Metric (layer F.Cu) (tedit 5B36C52B) (tstamp 5BC9F2BF)
    (at 155.44 92.1775 90)
    (descr "Resistor SMD 0805 (2012 Metric), square (rectangular) end terminal, IPC_7351 nominal, (Body size source: https://docs.google.com/spreadsheets/d/1BsfQQcO9C6DZCsRaXUlFlo91Tg2WpOkGARC1WS5S8t0/edit?usp=sharing), generated with kicad-footprint-generator")
    (tags resistor)
    (path /5BBAA827)
    (attr smd)
    (fp_text reference R7 (at 2.6775 0.06 180) (layer F.SilkS)
      (effects (font (size 1 1) (thickness 0.15)))
    )
    (fp_text value 100K (at 0 1.65 90) (layer F.Fab)
      (effects (font (size 1 1) (thickness 0.15)))
    )
    (fp_line (start -1 0.6) (end -1 -0.6) (layer F.Fab) (width 0.1))
    (fp_line (start -1 -0.6) (end 1 -0.6) (layer F.Fab) (width 0.1))
    (fp_line (start 1 -0.6) (end 1 0.6) (layer F.Fab) (width 0.1))
    (fp_line (start 1 0.6) (end -1 0.6) (layer F.Fab) (width 0.1))
    (fp_line (start -0.258578 -0.71) (end 0.258578 -0.71) (layer F.SilkS) (width 0.12))
    (fp_line (start -0.258578 0.71) (end 0.258578 0.71) (layer F.SilkS) (width 0.12))
    (fp_line (start -1.68 0.95) (end -1.68 -0.95) (layer F.CrtYd) (width 0.05))
    (fp_line (start -1.68 -0.95) (end 1.68 -0.95) (layer F.CrtYd) (width 0.05))
    (fp_line (start 1.68 -0.95) (end 1.68 0.95) (layer F.CrtYd) (width 0.05))
    (fp_line (start 1.68 0.95) (end -1.68 0.95) (layer F.CrtYd) (width 0.05))
    (fp_text user %R (at 0 0 90) (layer F.Fab)
      (effects (font (size 0.5 0.5) (thickness 0.08)))
    )
    (pad 1 smd roundrect (at -0.9375 0 90) (size 0.975 1.4) (layers F.Cu F.Paste F.Mask) (roundrect_rratio 0.25)
      (net 12 "Net-(R7-Pad1)"))
    (pad 2 smd roundrect (at 0.9375 0 90) (size 0.975 1.4) (layers F.Cu F.Paste F.Mask) (roundrect_rratio 0.25)
      (net 11 "Net-(R5-Pad1)"))
    (model ${KISYS3DMOD}/Resistor_SMD.3dshapes/R_0805_2012Metric.wrl
      (at (xyz 0 0 0))
      (scale (xyz 1 1 1))
      (rotate (xyz 0 0 0))
    )
  )

  (module Resistor_SMD:R_0805_2012Metric (layer F.Cu) (tedit 5B36C52B) (tstamp 5BCA139F)
    (at 160.52 92.1775 90)
    (descr "Resistor SMD 0805 (2012 Metric), square (rectangular) end terminal, IPC_7351 nominal, (Body size source: https://docs.google.com/spreadsheets/d/1BsfQQcO9C6DZCsRaXUlFlo91Tg2WpOkGARC1WS5S8t0/edit?usp=sharing), generated with kicad-footprint-generator")
    (tags resistor)
    (path /5BBAA4B8)
    (attr smd)
    (fp_text reference R8 (at 2.6775 -0.02 180) (layer F.SilkS)
      (effects (font (size 1 1) (thickness 0.15)))
    )
    (fp_text value 100K (at 0 1.65 180) (layer F.Fab)
      (effects (font (size 1 1) (thickness 0.15)))
    )
    (fp_text user %R (at 0 0 90) (layer F.Fab)
      (effects (font (size 0.5 0.5) (thickness 0.08)))
    )
    (fp_line (start 1.68 0.95) (end -1.68 0.95) (layer F.CrtYd) (width 0.05))
    (fp_line (start 1.68 -0.95) (end 1.68 0.95) (layer F.CrtYd) (width 0.05))
    (fp_line (start -1.68 -0.95) (end 1.68 -0.95) (layer F.CrtYd) (width 0.05))
    (fp_line (start -1.68 0.95) (end -1.68 -0.95) (layer F.CrtYd) (width 0.05))
    (fp_line (start -0.258578 0.71) (end 0.258578 0.71) (layer F.SilkS) (width 0.12))
    (fp_line (start -0.258578 -0.71) (end 0.258578 -0.71) (layer F.SilkS) (width 0.12))
    (fp_line (start 1 0.6) (end -1 0.6) (layer F.Fab) (width 0.1))
    (fp_line (start 1 -0.6) (end 1 0.6) (layer F.Fab) (width 0.1))
    (fp_line (start -1 -0.6) (end 1 -0.6) (layer F.Fab) (width 0.1))
    (fp_line (start -1 0.6) (end -1 -0.6) (layer F.Fab) (width 0.1))
    (pad 2 smd roundrect (at 0.9375 0 90) (size 0.975 1.4) (layers F.Cu F.Paste F.Mask) (roundrect_rratio 0.25)
      (net 3 "Net-(C1-Pad1)"))
    (pad 1 smd roundrect (at -0.9375 0 90) (size 0.975 1.4) (layers F.Cu F.Paste F.Mask) (roundrect_rratio 0.25)
      (net 12 "Net-(R7-Pad1)"))
    (model ${KISYS3DMOD}/Resistor_SMD.3dshapes/R_0805_2012Metric.wrl
      (at (xyz 0 0 0))
      (scale (xyz 1 1 1))
      (rotate (xyz 0 0 0))
    )
  )

  (module Resistor_SMD:R_0805_2012Metric (layer F.Cu) (tedit 5B36C52B) (tstamp 5BC9F2E1)
    (at 157.98 92.1775 90)
    (descr "Resistor SMD 0805 (2012 Metric), square (rectangular) end terminal, IPC_7351 nominal, (Body size source: https://docs.google.com/spreadsheets/d/1BsfQQcO9C6DZCsRaXUlFlo91Tg2WpOkGARC1WS5S8t0/edit?usp=sharing), generated with kicad-footprint-generator")
    (tags resistor)
    (path /5BBAA8D2)
    (attr smd)
    (fp_text reference R9 (at 2.6775 0.02 180) (layer F.SilkS)
      (effects (font (size 1 1) (thickness 0.15)))
    )
    (fp_text value 4K7 (at 0 1.65 90) (layer F.Fab)
      (effects (font (size 1 1) (thickness 0.15)))
    )
    (fp_text user %R (at 0 0 90) (layer F.Fab)
      (effects (font (size 0.5 0.5) (thickness 0.08)))
    )
    (fp_line (start 1.68 0.95) (end -1.68 0.95) (layer F.CrtYd) (width 0.05))
    (fp_line (start 1.68 -0.95) (end 1.68 0.95) (layer F.CrtYd) (width 0.05))
    (fp_line (start -1.68 -0.95) (end 1.68 -0.95) (layer F.CrtYd) (width 0.05))
    (fp_line (start -1.68 0.95) (end -1.68 -0.95) (layer F.CrtYd) (width 0.05))
    (fp_line (start -0.258578 0.71) (end 0.258578 0.71) (layer F.SilkS) (width 0.12))
    (fp_line (start -0.258578 -0.71) (end 0.258578 -0.71) (layer F.SilkS) (width 0.12))
    (fp_line (start 1 0.6) (end -1 0.6) (layer F.Fab) (width 0.1))
    (fp_line (start 1 -0.6) (end 1 0.6) (layer F.Fab) (width 0.1))
    (fp_line (start -1 -0.6) (end 1 -0.6) (layer F.Fab) (width 0.1))
    (fp_line (start -1 0.6) (end -1 -0.6) (layer F.Fab) (width 0.1))
    (pad 2 smd roundrect (at 0.9375 0 90) (size 0.975 1.4) (layers F.Cu F.Paste F.Mask) (roundrect_rratio 0.25)
      (net 8 "Net-(LS1-Pad1)"))
    (pad 1 smd roundrect (at -0.9375 0 90) (size 0.975 1.4) (layers F.Cu F.Paste F.Mask) (roundrect_rratio 0.25)
      (net 12 "Net-(R7-Pad1)"))
    (model ${KISYS3DMOD}/Resistor_SMD.3dshapes/R_0805_2012Metric.wrl
      (at (xyz 0 0 0))
      (scale (xyz 1 1 1))
      (rotate (xyz 0 0 0))
    )
  )

  (module Button_Switch_SMD:SW_SPDT_CK-JS102011SAQN (layer F.Cu) (tedit 5A02FC95) (tstamp 5BC9FEA0)
    (at 148 126.5)
    (descr http://www.ckswitches.com/media/1422/js.pdf)
    (tags "switch spdt")
    (path /5BBAB3A5)
    (attr smd)
    (fp_text reference SW1 (at 0 -5.5) (layer F.SilkS)
      (effects (font (size 1 1) (thickness 0.15)))
    )
    (fp_text value SW_SPST (at 0 -2.9) (layer F.Fab)
      (effects (font (size 1 1) (thickness 0.15)))
    )
    (fp_line (start -4.5 -1.8) (end 4.5 -1.8) (layer F.Fab) (width 0.1))
    (fp_line (start 4.5 -1.8) (end 4.5 1.8) (layer F.Fab) (width 0.1))
    (fp_line (start 4.5 1.8) (end -4.4 1.8) (layer F.Fab) (width 0.1))
    (fp_line (start -4.4 1.8) (end -4.5 1.8) (layer F.Fab) (width 0.1))
    (fp_line (start -4.5 1.8) (end -4.5 1.8) (layer F.Fab) (width 0.1))
    (fp_line (start -4.5 -1.8) (end -4.5 1.8) (layer F.Fab) (width 0.1))
    (fp_line (start -4.5 1.8) (end -4.5 1.8) (layer F.Fab) (width 0.1))
    (fp_text user %R (at 0 0) (layer F.Fab)
      (effects (font (size 1 1) (thickness 0.15)))
    )
    (fp_line (start -1.5 1.8) (end -1.5 1.8) (layer F.Fab) (width 0.1))
    (fp_line (start 3.2 -1.9) (end 4.6 -1.9) (layer F.SilkS) (width 0.12))
    (fp_line (start 4.6 -1.9) (end 4.6 1.9) (layer F.SilkS) (width 0.12))
    (fp_line (start -4.6 1.9) (end -4.6 -1.9) (layer F.SilkS) (width 0.12))
    (fp_line (start -4.6 -1.9) (end -3.2 -1.9) (layer F.SilkS) (width 0.12))
    (fp_line (start 1.8 -1.9) (end 0.7 -1.9) (layer F.SilkS) (width 0.12))
    (fp_line (start 0.7 -1.9) (end 0.7 -1.9) (layer F.SilkS) (width 0.12))
    (fp_line (start -0.7 -1.9) (end -1.8 -1.9) (layer F.SilkS) (width 0.12))
    (fp_line (start -1.8 -1.9) (end -1.8 -1.9) (layer F.SilkS) (width 0.12))
    (fp_line (start 0.3 1.8) (end 0.3 2.1) (layer F.Fab) (width 0.1))
    (fp_line (start 0.3 2.1) (end -0.3 2.1) (layer F.Fab) (width 0.1))
    (fp_line (start -0.3 2.1) (end -0.3 1.8) (layer F.Fab) (width 0.1))
    (fp_line (start -0.3 1.8) (end -0.3 1.8) (layer F.Fab) (width 0.1))
    (fp_line (start -2.2 1.8) (end -2.2 2.1) (layer F.Fab) (width 0.1))
    (fp_line (start -2.2 2.1) (end -2.8 2.1) (layer F.Fab) (width 0.1))
    (fp_line (start -2.8 2.1) (end -2.8 1.8) (layer F.Fab) (width 0.1))
    (fp_line (start -2.8 1.8) (end -2.8 1.8) (layer F.Fab) (width 0.1))
    (fp_line (start 2.2 1.8) (end 2.2 2.1) (layer F.Fab) (width 0.1))
    (fp_line (start 2.2 2.1) (end 2.8 2.1) (layer F.Fab) (width 0.1))
    (fp_line (start 2.8 2.1) (end 2.8 1.8) (layer F.Fab) (width 0.1))
    (fp_line (start 2.8 1.8) (end 2.8 1.8) (layer F.Fab) (width 0.1))
    (fp_line (start 4.6 1.9) (end 2.9 1.9) (layer F.SilkS) (width 0.12))
    (fp_line (start 2.9 1.9) (end 2.9 2.2) (layer F.SilkS) (width 0.12))
    (fp_line (start 2.9 2.2) (end 2.1 2.2) (layer F.SilkS) (width 0.12))
    (fp_line (start 2.1 2.2) (end 2.1 1.9) (layer F.SilkS) (width 0.12))
    (fp_line (start 2.1 1.9) (end 0.4 1.9) (layer F.SilkS) (width 0.12))
    (fp_line (start 0.4 1.9) (end 0.4 2.2) (layer F.SilkS) (width 0.12))
    (fp_line (start 0.4 2.2) (end -0.4 2.2) (layer F.SilkS) (width 0.12))
    (fp_line (start -0.4 2.2) (end -0.4 1.9) (layer F.SilkS) (width 0.12))
    (fp_line (start -0.4 1.9) (end -2.1 1.9) (layer F.SilkS) (width 0.12))
    (fp_line (start -2.1 1.9) (end -2.1 2.2) (layer F.SilkS) (width 0.12))
    (fp_line (start -2.1 2.2) (end -2.9 2.2) (layer F.SilkS) (width 0.12))
    (fp_line (start -2.9 2.2) (end -2.9 1.9) (layer F.SilkS) (width 0.12))
    (fp_line (start -2.9 1.9) (end -4.6 1.9) (layer F.SilkS) (width 0.12))
    (fp_line (start -4.6 1.9) (end -4.6 1.9) (layer F.SilkS) (width 0.12))
    (fp_line (start -0.5 1.8) (end -0.5 3.8) (layer F.Fab) (width 0.1))
    (fp_line (start -0.5 3.8) (end -2 3.8) (layer F.Fab) (width 0.1))
    (fp_line (start -2 3.8) (end -2 1.8) (layer F.Fab) (width 0.1))
    (fp_line (start -2 1.8) (end -2 1.8) (layer F.Fab) (width 0.1))
    (fp_line (start -5 -2.25) (end -5 2.25) (layer F.CrtYd) (width 0.05))
    (fp_line (start -5 2.25) (end -3.25 2.25) (layer F.CrtYd) (width 0.05))
    (fp_line (start -3.25 2.25) (end -3.25 2.75) (layer F.CrtYd) (width 0.05))
    (fp_line (start -3.25 2.75) (end -2.5 2.75) (layer F.CrtYd) (width 0.05))
    (fp_line (start -2.5 2.75) (end -2.5 4.25) (layer F.CrtYd) (width 0.05))
    (fp_line (start -2.5 4.25) (end 2.5 4.25) (layer F.CrtYd) (width 0.05))
    (fp_line (start 2.5 4.25) (end 2.5 2.5) (layer F.CrtYd) (width 0.05))
    (fp_line (start 2.5 2.5) (end 3.25 2.5) (layer F.CrtYd) (width 0.05))
    (fp_line (start 3.25 2.5) (end 3.25 2.25) (layer F.CrtYd) (width 0.05))
    (fp_line (start 3.25 2.25) (end 5 2.25) (layer F.CrtYd) (width 0.05))
    (fp_line (start 5 2.25) (end 5 -2.25) (layer F.CrtYd) (width 0.05))
    (fp_line (start 5 -2.25) (end 3.5 -2.25) (layer F.CrtYd) (width 0.05))
    (fp_line (start 3.5 -2.25) (end 3.5 -4.5) (layer F.CrtYd) (width 0.05))
    (fp_line (start 3.5 -4.5) (end -3.5 -4.5) (layer F.CrtYd) (width 0.05))
    (fp_line (start -3.5 -4.5) (end -3.5 -2.25) (layer F.CrtYd) (width 0.05))
    (fp_line (start -3.5 -2.25) (end -5 -2.25) (layer F.CrtYd) (width 0.05))
    (fp_line (start -5 -2.25) (end -5 -2.25) (layer F.CrtYd) (width 0.05))
    (fp_line (start -2 3.8) (end -2 3.3) (layer F.SilkS) (width 0.12))
    (fp_line (start -2 3.3) (end -2 3.3) (layer F.SilkS) (width 0.12))
    (fp_line (start -2 3.8) (end -1.5 3.8) (layer F.SilkS) (width 0.12))
    (fp_line (start -1.5 3.8) (end -1.5 3.8) (layer F.SilkS) (width 0.12))
    (fp_line (start 2 3.8) (end 1.5 3.8) (layer F.SilkS) (width 0.12))
    (fp_line (start 1.5 3.8) (end 1.5 3.8) (layer F.SilkS) (width 0.12))
    (fp_line (start 2 3.8) (end 2 3.3) (layer F.SilkS) (width 0.12))
    (fp_line (start 2 3.3) (end 2 3.3) (layer F.SilkS) (width 0.12))
    (fp_line (start 2 3) (end 2 2.5) (layer F.SilkS) (width 0.12))
    (fp_line (start 2 2.5) (end 2 2.5) (layer F.SilkS) (width 0.12))
    (fp_line (start -2 3) (end -2 2.5) (layer F.SilkS) (width 0.12))
    (fp_line (start -2 2.5) (end -2 2.5) (layer F.SilkS) (width 0.12))
    (fp_line (start -1.2 3.8) (end -0.7 3.8) (layer F.SilkS) (width 0.12))
    (fp_line (start -0.7 3.8) (end -0.7 3.8) (layer F.SilkS) (width 0.12))
    (fp_line (start 1.2 3.8) (end 0.7 3.8) (layer F.SilkS) (width 0.12))
    (fp_line (start 0.7 3.8) (end 0.7 3.8) (layer F.SilkS) (width 0.12))
    (fp_line (start 0.4 3.8) (end -0.4 3.8) (layer F.SilkS) (width 0.12))
    (fp_line (start -0.4 3.8) (end -0.4 3.8) (layer F.SilkS) (width 0.12))
    (pad 1 smd rect (at -2.5 -2.75) (size 1.25 2.5) (layers F.Cu F.Paste F.Mask)
      (net 7 "Net-(D2-Pad2)"))
